000002.jpg 1 90 0
000003.jpg 2 75 -108
000004.jpg 3 75 -36
000005.jpg 4 75 36
000006.jpg 5 75 108
000007.jpg 6 75 -180
000008.jpg 7 60 -144
000009.jpg 8 60 -108
000010.jpg 9 60 -72
000011.jpg 10 60 -36
000012.jpg 11 60 0
000013.jpg 12 60 36
000014.jpg 13 60 72
000015.jpg 14 60 108
000016.jpg 15 60 144
000017.jpg 16 60 -180
000018.jpg 17 45 -156
000019.jpg 18 45 -132
000020.jpg 19 45 -108
000021.jpg 20 45 -84
000023.jpg 21 45 -60
000024.jpg 22 45 -36
000025.jpg 23 45 -12
000026.jpg 24 45 12
000027.jpg 25 45 36
000028.jpg 26 45 60
000029.jpg 27 45 84
000030.jpg 28 45 108
000031.jpg 29 45 132
000032.jpg 30 45 156
000033.jpg 31 45 -180
000034.jpg 32 30 -162
000035.jpg 33 30 -144
000036.jpg 34 30 -126
000037.jpg 35 30 -108
000038.jpg 36 30 -90
000039.jpg 37 30 -72
000040.jpg 38 30 -54
000041.jpg 39 30 -36
000042.jpg 40 30 -18
000044.jpg 41 30 0
000045.jpg 42 30 18
000046.jpg 43 30 36
000047.jpg 44 30 54
000048.jpg 45 30 72
000049.jpg 46 30 90
000050.jpg 47 30 108
000051.jpg 48 30 126
000052.jpg 49 30 144
000053.jpg 50 30 162
000054.jpg 51 30 -180
000055.jpg 52 15 -171
000056.jpg 53 15 -153
000057.jpg 54 15 -135
000058.jpg 55 15 -117
000059.jpg 56 15 -99
000060.jpg 57 15 -81
000061.jpg 58 15 -63
000062.jpg 59 15 -45
000063.jpg 60 15 -27
000065.jpg 61 15 -9
000066.jpg 62 15 9
000067.jpg 63 15 27
000068.jpg 64 15 45
000069.jpg 65 15 63
000070.jpg 66 15 81
000071.jpg 67 15 99
000072.jpg 68 15 117
000073.jpg 69 15 135
000074.jpg 70 15 153
000075.jpg 71 15 171
000076.jpg 72 0 -162
000077.jpg 73 0 -144
000078.jpg 74 0 -126
000079.jpg 75 0 -108
000080.jpg 76 0 -90
000081.jpg 77 0 -72
000082.jpg 78 0 -54
000083.jpg 79 0 -36
000084.jpg 80 0 -18
000086.jpg 81 0 0
000087.jpg 82 0 18
000088.jpg 83 0 36
000089.jpg 84 0 54
000090.jpg 85 0 72
000091.jpg 86 0 90
000092.jpg 87 0 108
000093.jpg 88 0 126
000094.jpg 89 0 144
000095.jpg 90 0 162
000096.jpg 91 0 -180
000097.jpg 93 -15 -153
000098.jpg 94 -15 -135
000099.jpg 95 -15 -117
000100.jpg 96 -15 -99
000101.jpg 97 -15 -81
000102.jpg 98 -15 -63
000103.jpg 99 -15 -45
000104.jpg 100 -15 -27
000105.jpg 101 -15 -9
000107.jpg 102 -15 9
000108.jpg 103 -15 27
000109.jpg 104 -15 45
000110.jpg 105 -15 63
000111.jpg 106 -15 81
000112.jpg 107 -15 99
000113.jpg 108 -15 117
000114.jpg 109 -15 135
000115.jpg 110 -15 153
000116.jpg 113 -30 -144
000117.jpg 114 -30 -126
000118.jpg 115 -30 -108
000119.jpg 116 -30 -90
000120.jpg 117 -30 -72
000121.jpg 118 -30 -54
000122.jpg 119 -30 -36
000123.jpg 120 -30 -18
000124.jpg 121 -30 0
000125.jpg 122 -30 18
000126.jpg 123 -30 36
000128.jpg 124 -30 54
000129.jpg 125 -30 72
000130.jpg 126 -30 90
000131.jpg 127 -30 108
000132.jpg 128 -30 126
000133.jpg 129 -30 144
000134.jpg 133 -45 -144
000135.jpg 134 -45 -120
000136.jpg 135 -45 -96
000137.jpg 136 -45 -72
000138.jpg 137 -45 -48
000139.jpg 138 -45 -24
000140.jpg 139 -45 0
000141.jpg 140 -45 24
000142.jpg 141 -45 48
000143.jpg 142 -45 72
000144.jpg 143 -45 96
000145.jpg 144 -45 120
000146.jpg 145 -45 144
000147.jpg 147 -60 -144
000149.jpg 148 -60 -108
000150.jpg 149 -60 -72
000151.jpg 150 -60 -36
000152.jpg 151 -60 0
000153.jpg 152 -60 36
000154.jpg 153 -60 72
000155.jpg 154 -60 108
000156.jpg 155 -60 144
000157.jpg 156 -60 -180
